Reference Number,Status,Filename/Message,Size,URL
164847,Auth Required,Authentication required,,https://www.halapp.com/a/wcb/document/?for_type=customer_invoice&for_id=164847
164848,Auth Required,Authentication required,,https://www.halapp.com/a/wcb/document/?for_type=customer_invoice&for_id=164848
164849,Auth Required,Authentication required,,https://www.halapp.com/a/wcb/document/?for_type=customer_invoice&for_id=164849
